0000000000000000 0000000000000000 0000000000000000 0000000000000000 0000000000000000 0000000000000000 0000000000000000 0000000000000000 0000000000000000 0000000000000000 0000000000000000 0000000000000000 0000000000000000 0000000000000000 
0000000000000000 0000000000000000 0000000000000000 0000000000000000 0000000000000000 0000000000000000 0000000000000000 0000000000000000 0000000000000000 0000000000000000 0000000000000000 0000000000000000 0000000000000000 0000000000000000 
0000000000000000 0000000000000000 0000000000000000 0000000000000000 0000000000000000 0000000000000000 0000000000000000 0000000000000000 0000000000000000 0000000000000000 0000000000000000 0000000000000000 0000000000000000 0000000000000000 
0000000000000000 0000000000000000 0000010100010201 0002070401020504 0003080501030504 0003060301030403 0002050100020302 0001040100010301 0001040100010301 0001040100010301 0001030001000101 0000000000000000 0000000000000000 0000000000000000 
0000000000000000 0000000000000000 0100010200010301 0602050805030603 0703060805040605 0703080805040605 0503080806040605 0503080905040605 0403080906040605 0403080905050905 0004070707040504 0002010101010002 0000000000000000 0000000000000000 
0000000000000000 0000000000000000 0000000000000100 0200000101000100 0300000201010200 0500000402020400 0601000404030400 0701000404030401 0701020404040401 0402070905050902 0306060708040504 0101000001020001 0000000000000000 0000000000000000 
0000000000000000 0000000000000000 0000000000000000 0000000000000000 0000000000000000 0000000000000000 0000000000000000 0000000000000000 0000050500030802 0206070908030904 0306030407030103 0000000000000000 0000000000000000 0000000000000000 
0000000000000000 0000000000000000 0000000000000000 0000000000000000 0000000000000000 0000000000000000 0000000000000000 0000010200020301 0002060906030903 0306050808030604 0301000002020001 0000000000000000 0000000000000000 0000000000000000 
0000000000000000 0000000000000000 0000000000000000 0000000000000000 0000000000000000 0000000000000000 0000000000000100 0000050500030802 0206060808030803 0305020306030103 0000000000000000 0000000000000000 0000000000000000 0000000000000000 
0000000000000000 0000000000000000 0000000000000000 0000000000000000 0000000000000000 0000000000000000 0000050200020601 0004070907030803 0306050808030503 0200000001020001 0000000000000000 0000000000000000 0000000000000000 0000000000000000 
0000000000000000 0000000000000000 0000000000000000 0000000000000000 0000000000000000 0000010100020201 0002070803030802 0405070908040804 0404010205030102 0000000000000000 0000000000000000 0000000000000000 0000000000000000 0000000000000000 
0000000000000000 0000000000000000 0000000000000000 0000000000000000 0000000000000000 0000050500030802 0005080a09040904 0306030507030203 0000000000000000 0000000000000000 0000000000000000 0000000000000000 0000000000000000 0000000000000000 
0000000000000000 0000000000000000 0000000000000000 0000000000000000 0000010100010201 0002070904030903 0306080a09050a05 0405020205030103 0000000000000000 0000000000000000 0000000000000000 0000000000000000 0000000000000000 0000000000000000 
0000000000000000 0000000000000000 0000000000000000 0000000000000000 0000000100010200 0601020805020502 0803000707040403 0200000001020000 0000000000000000 0000000000000000 0000000000000000 0000000000000000 0000000000000000 0000000000000000 
